1.954263377559813719e+01
1.697218660579707006e+01
1.477268730000866270e+01
1.738681953691055071e+01
1.954841421694452919e+01
1.890205951954029473e+01
1.710015699049336746e+01
1.268318656992822291e+01
1.672291679831251088e+01
1.801830155755092022e+01
1.812686322753451762e+01
1.596294154304490753e+01
1.354181153427751205e+01
1.472573868202583469e+01
1.831469497220399845e+01
1.714953405554899035e+01
1.366641668815259791e+01
1.723157301859530222e+01
1.905370700507612369e+01
1.859983119662918227e+01
1.454535308073469224e+01
1.404005261117332282e+01
1.835999409453422615e+01
1.917894966364792353e+01
1.812721063893818041e+01
1.414006212436786036e+01
1.584423282365629504e+01
1.807653139833233524e+01
1.859082271988152968e+01
1.488778849501278678e+01
1.338662365715612701e+01
1.776641435772726396e+01
1.967153247700370855e+01
1.628310855444206240e+01
1.442392140108047549e+01
1.550757435003338713e+01
1.794170745583456750e+01
1.864628771312404609e+01
1.725423358861799272e+01
1.524726760652965751e+01
1.525486387678324007e+01
1.819171284393400967e+01
2.025450770258362354e+01
2.045367716808783598e+01
1.831394180240803138e+01
1.355415985647482735e+01
1.779550986581881489e+01
1.978348589483432818e+01
1.826879928838810940e+01
1.609170245940650545e+01
1.381229016722427971e+01
1.708203774110606687e+01
1.990894268484889196e+01
2.175875868929838930e+01
1.759434130136920515e+01
1.492252082747321040e+01
1.762949100127929114e+01
2.004575317934554590e+01
1.964013882279274981e+01
1.785592347389515666e+01
1.354620686230597393e+01
1.512368810318907997e+01
2.144965116320155474e+01
2.156972681985893558e+01
1.845281165598517958e+01
1.500175479260925826e+01
1.699284470117624934e+01
2.017598954368991571e+01
2.082777695770882076e+01
1.641820095152839798e+01
1.498720771173910649e+01
1.791059269135027776e+01
2.137135577692018629e+01
1.958512180418832571e+01
1.705153445292805614e+01
1.563125896118704006e+01
1.824991701553408063e+01
2.136641382882770301e+01
1.900550643141134799e+01
1.437045759995612393e+01
1.822731846887788976e+01
2.042114286981779614e+01
1.910148834140593621e+01
1.700517550006340173e+01
1.444681890476662822e+01
1.911811151563900069e+01
2.030107347329776601e+01
1.968416788938725404e+01
1.784944365344017569e+01
1.581954557186218224e+01
2.055992649126866567e+01
2.034978806792340222e+01
1.996139800009710541e+01
1.537911682401902702e+01
1.759448801536895957e+01
1.956308682928120035e+01
1.923457419641183108e+01
1.748602389208317831e+01
1.381393769321715048e+01
1.805420522892805479e+01
1.921537286610301720e+01
1.909943870032486402e+01
1.733955003301399600e+01
1.303042261372161548e+01
1.461436997398696214e+01
1.921434695079554089e+01
1.896383999866396408e+01
1.807880479582870592e+01
1.364757492132590144e+01
1.293451592836947484e+01
1.447831799894054328e+01
1.803923243476799243e+01
1.848149873918022834e+01
1.541679034451075836e+01
1.264245421780858081e+01
1.489737234798368704e+01
1.871570734294820326e+01
1.919653661116825560e+01
1.585075787948960802e+01
1.255748316346944549e+01
1.523653109349338308e+01
1.780270823219688836e+01
1.619015108503858968e+01
1.348425546879143155e+01
1.051903827532803604e+01
1.238258371696062099e+01
1.543988882844365129e+01
1.676390401921114659e+01
1.360408549639960185e+01
1.052080921658145840e+01
1.189263881214101737e+01
1.619084914326672475e+01
1.624290601871457085e+01
1.283565573431104134e+01
1.049715379737478038e+01
1.159655881711397285e+01
1.573421126124897462e+01
1.540264291699302923e+01
1.272592755598622816e+01
1.031657863077976778e+01
1.068123281787222112e+01
1.257250447177422359e+01
1.382994119632005692e+01
1.176660631802526780e+01
9.716606967884745316e+00
1.459984330608805614e+01
1.519165115886625195e+01
1.424685047001451643e+01
9.750939260111504581e+00
8.978776960382372607e+00
1.539693664885770552e+01
1.411683097248185526e+01
1.047341196709306921e+01
9.991169699179193842e+00
1.313612121976320601e+01
1.477499735640804701e+01
1.462755716902205450e+01
1.101916653342030550e+01
9.458677727600244722e+00
1.309365540062714039e+01
1.492491002764901076e+01
1.522566241871402326e+01
1.209582253017502929e+01
9.659780449960605253e+00
9.851941814050693580e+00
1.290363673615538254e+01
1.618134497085320334e+01
1.487329531926585524e+01
9.905798555820537032e+00
1.129167335652049253e+01
1.432020346129291433e+01
1.587852666127112755e+01
1.474290902102214673e+01
1.297083542774767295e+01
1.058395646131566714e+01
1.227847193888995569e+01
1.608524043092419475e+01
1.461338743297417153e+01
1.260969043918513144e+01
1.042286306778539284e+01
1.374562896380490429e+01
1.798214157748115483e+01
1.754919467612318229e+01
1.432328452668251728e+01
1.007634663967612987e+01
1.159761289247566296e+01
1.588488563730391867e+01
1.575749374598377983e+01
1.425854550443762570e+01
1.065197441775053200e+01
1.515769745558435311e+01
1.649696945569008832e+01
1.681209135537111621e+01
1.237924841036999624e+01
1.023103893669064135e+01
1.378511395649946358e+01
1.602374002851933454e+01
1.675921068298254468e+01
1.256797315734783815e+01
1.059609561655702770e+01
1.389777392958669999e+01
1.687285566114001512e+01
1.648444249051486210e+01
1.319631228126557154e+01
1.130791709264171097e+01
1.585373401130092397e+01
1.650510126930641164e+01
1.525824579730650399e+01
1.099821055892384614e+01
1.307185636645483839e+01
1.580955017928337725e+01
1.715169432114303305e+01
1.494765927385108029e+01
9.764103142271286728e+00
1.115529390685666300e+01
1.574404762918858047e+01
1.669028672683683823e+01
1.482522997679906496e+01
1.028299078528015364e+01
1.047209054379552207e+01
1.469777335073928981e+01
1.562720394682709113e+01
1.543740711319562209e+01
1.241409844896760895e+01
1.107060280933790786e+01
1.350346768111982243e+01
1.541924932813491189e+01
1.545413338339897535e+01
1.423303058982487812e+01
9.411146332463751207e+00
8.088249313399218821e+00
9.898447114153981374e+00
1.548172065455942814e+01
1.512117928138578193e+01
1.334507829677268909e+01
1.054866560365456785e+01
8.133666719439698767e+00
1.137819628621469725e+01
1.480958651824724370e+01
1.287997942562340903e+01
1.045992081314062361e+01
7.701217106836024229e+00
9.901667996125615545e+00
1.371633008300876178e+01
1.339514526246198933e+01
9.661333422893955358e+00
6.905417350766332341e+00
8.527461587873984783e+00
1.076871498521360770e+01
1.263114015853834893e+01
1.051824953487506065e+01
8.085184333709493743e+00
6.866323335229268743e+00
9.576258721940234864e+00
1.208176441412809510e+01
1.160039902878593843e+01
8.683699700713921388e+00
6.712426463249487441e+00
8.398751893930791468e+00
1.250785279062747257e+01
1.219080312086160589e+01
1.133275526265471278e+01
5.617231049988070879e+00
6.278920939094796871e+00
1.108022998454871022e+01
1.155868766030950923e+01
9.637663837575891179e+00
5.634503023633302909e+00
7.106482333527049278e+00
1.167432271981595981e+01
1.193498418539052786e+01
1.063938227071579767e+01
6.320491940031303102e+00
9.180950635907720425e+00
9.994437582122928987e+00
1.103942915820159776e+01
9.305146977052773494e+00
5.028712197337984691e+00
6.881085153531372178e+00
9.692858703575780055e+00
1.118565910329052393e+01
1.104542215628777413e+01
7.458779669463322826e+00
6.589142147849928577e+00
9.190721689942131789e+00
1.213206043233339848e+01
1.226793363509924362e+01
1.151579013348036540e+01
6.603582404255112337e+00
5.525500422317064952e+00
1.066448399677709702e+01
1.242320879579754056e+01
1.278460679181421789e+01
1.094546114616037435e+01
6.424915422530283138e+00
7.277678709368631260e+00
1.216437233328180589e+01
1.323392405818806949e+01
1.198246299940582382e+01
1.027479963081379744e+01
6.351061384242508545e+00
1.010608133641159867e+01
1.155369292108043844e+01
1.178564652288638115e+01
1.086480841891165738e+01
7.266255531248862809e+00
8.242112603766429402e+00
1.356641453326549041e+01
1.500396825721990979e+01
1.465932935867005504e+01
1.013734351241552822e+01
6.015647411693031188e+00
5.900618533879272931e+00
1.184071684226144150e+01
1.336521711063540430e+01
1.272279346282362056e+01
8.077260902107290974e+00
1.024047903005296867e+01
1.220919821724197263e+01
1.388912240727017355e+01
1.181164796969704511e+01
8.356882545339679780e+00
1.277761487460661805e+01
1.401658144636723158e+01
1.281665397832449393e+01
8.454553354495473627e+00
8.154985926724451772e+00
1.129811058866896722e+01
1.397721687985543504e+01
1.228399974359773061e+01
7.233748165400356811e+00
1.068585345028164291e+01
8.906384921636675500e+00
6.251804264768874297e+00
9.542730040692676496e+00
8.389023557814557108e+00
9.399197500126097893e+00
8.004107463385953025e+00
9.539209477897964362e+00
5.121545865200628711e+00
8.667995649477800768e+00
9.340973175458817224e+00
7.496970764725401359e+00
4.068473852431807813e+00
7.659065648095073620e+00
9.422422239036759350e+00
9.656110312004024365e+00
6.993910922231290961e+00
2.203782601873436331e+00
7.980688634453949604e+00
1.047267582221760307e+01
9.899845766673463388e+00
7.490317878016942821e+00
3.132823892273279398e+00
5.169179728653462647e+00
1.012523497209800816e+01
1.106140318290457003e+01
9.687301008048770257e+00
3.981318997920383129e+00
3.210287625036579051e+00
8.814936633385570985e+00
1.056300595326626812e+01
9.858129240290226747e+00
5.768349788377931553e+00
6.400599384925545365e+00
9.102019700705730187e+00
1.235026530315463233e+01
1.231523443925788364e+01
1.066898408414921740e+01
8.262295564494291256e+00
5.438433316925348926e+00
6.843896152333377891e+00
9.929410589631725514e+00
9.985513385695162114e+00
7.654329082144855967e+00
5.920591808251581156e+00
6.568010398218338430e+00
1.043009859495444047e+01
1.131710191087729278e+01
1.062797268397854111e+01
5.271914545873372049e+00
4.723616157134475912e+00
8.963200727824107261e+00
1.067992493779187235e+01
9.642331741880791895e+00
7.283017394047038628e+00
4.887007902979410900e+00
7.140186993020242845e+00
1.079516917822109612e+01
1.065729590619115719e+01
8.761082815869281504e+00
6.492264855737391649e+00
3.753710894174144830e+00
9.167523216709184908e+00
1.058444534091216482e+01
1.055544437072430952e+01
6.502505723827443518e+00
4.598350707369287527e+00
6.793237683504758095e+00
8.498576777249242653e+00
8.657312430629399813e+00
7.682449904599581103e+00
4.022421767247568170e+00
3.045514243003697441e+00
6.869899808516914952e+00
8.891603192703842140e+00
8.790226779520827094e+00
8.001495933210490463e+00
3.172100929859635876e+00
4.245114950091776862e+00
8.563030955569082892e+00
9.498328917668075633e+00
6.975786911345675634e+00
3.232067332283473871e+00
3.820477724663280839e+00
6.394742455268366932e+00
7.068181319325738343e+00
6.077506979679328403e+00
3.081316097224252371e+00
3.116355884409149901e+00
4.969372012790954862e+00
6.732700726355560938e+00
8.078657332755561526e+00
6.431014316246164597e+00
4.243160324362651892e+00
1.936305372343893050e-01
2.447234732938458723e+00
5.190533033088084558e+00
6.033534221099234429e+00
4.426651816741495438e+00
8.318750637238350176e-01
1.740877760988215561e+00
4.024379216936434744e+00
6.538854381113188730e+00
6.016543165653654768e+00
5.348002791357126640e+00
1.105185207468715847e+00
7.401642708151728201e+00
7.438968030274588195e+00
6.865967913694172253e+00
5.494796517050271945e+00
1.924292739352864157e+00
3.131920386889447627e+00
7.290510965002076738e+00
7.921463714885554452e+00
8.525797124296071061e+00
7.844083643065887124e+00
3.862628535547444564e+00
1.670328540647066484e+00
2.625284658332896370e+00
6.187377468191072261e+00
6.384815631396042690e+00
4.610008009176738142e+00
-2.321115589528373047e+00
9.238219881802326450e-01
5.288675924220214597e+00
6.922380901933588682e+00
6.887349644821710193e+00
5.689010723669380098e+00
5.316004218815130855e+00
2.181391568001585402e+00
3.885562619714297394e+00
6.146837746111110334e+00
6.813226076597720393e+00
6.615657668673391001e+00
3.770676036948251486e+00
3.094189678560999912e+00
6.407548430722195931e+00
7.593688569799327048e+00
6.366077735313581343e+00
-2.982864434156970557e+00
4.751328198102681810e+00
8.158715961230788238e+00
9.425442990810438459e+00
8.524292847909805459e+00
4.913756982559072561e+00
2.822722253103588042e+00
6.728226151350121143e+00
8.083930865762292584e+00
7.524752988990708324e+00
3.731138373587421952e+00
3.843827959805785621e+00
8.239588053894177477e+00
8.998811115888605272e+00
8.534215729055338429e+00
3.966831862598725778e+00
2.622336676547819323e+00
7.624124787621583188e+00
8.994541650147045431e+00
8.220801870022897972e+00
4.597885668384226854e+00
3.119033934975369071e+00
7.518817813996331090e+00
8.791639289771989496e+00
7.713461649394408148e+00
4.442474264231231373e+00
4.956995259832058132e+00
6.970143128804423327e+00
8.270185621306820778e+00
7.708816249457578706e+00
5.220961851101532325e+00
3.016749176333291871e+00
4.764911341507444220e+00
6.122799843329861602e+00
8.581433925040407473e+00
7.243847794648761607e+00
4.964907725359168467e+00
3.189463556677330835e+00
3.299751535675378378e+00
5.978965465910123456e+00
6.209433133106499803e+00
4.649321588385017634e+00
8.939033156590031615e-01
-1.547416884515299573e+00
5.719857257007924467e+00
7.229387591888279729e+00
7.477078058542100614e+00
7.100890634497008413e+00
3.827284495059167124e+00
2.763743886362443725e+00
2.808364625985979579e+00
3.581069752582947352e+00
2.604050513966535085e+00
2.263811802387714067e+00
-1.203458304710574689e+00
4.854593194498487918e+00
6.015304712970761969e+00
6.017469981677336932e+00
5.499338699579484846e+00
3.978863157795845318e+00
9.052766354712905583e-01
1.276009325690216523e+00
2.681126640286061846e+00
3.407647942826775633e+00
2.932815355376192645e+00
-1.671771672154783506e+00
3.329867663378871523e+00
5.181769162312865440e+00
5.436852062382047990e+00
5.607394618917001416e+00
4.930934860978867462e+00
3.035915390317936779e+00
6.838348240135235789e-01
2.634718237099517246e+00
3.814562565863987231e+00
5.120317798574021140e+00
5.654771548045501639e+00
6.533407537298967505e+00
6.831889271329527169e+00
6.640385919219353283e+00
5.829114890340482802e+00
5.114018926668768117e+00
2.709849058083027451e+00
2.550529882808019622e+00
4.512352610328696834e+00
7.173559301938561283e+00
7.730115110950023904e+00
6.761288967105652858e+00
3.522612764479321701e+00
-1.117190449249885864e+00
3.770155990350350539e+00
5.142721457365624360e+00
6.567543174725329891e+00
6.428276206196572140e+00
4.118425412108594585e+00
3.419263623571765720e+00
5.129001459123088580e+00
6.233218182334682389e+00
8.047975815533169097e+00
7.732731277945772419e+00
5.597606590328537912e+00
3.613657386711347730e+00
1.922897612692005431e+00
4.029295324932351541e+00
6.571244480773856367e+00
6.997673342794705320e+00
4.695907404019518339e+00
3.838317382361449148e+00
3.974515456091243237e+00
5.505146714645162476e+00
7.213174297572749971e+00
8.720269118723036783e+00
8.737104420165312746e+00
6.187324554063200921e+00
1.479192711869362631e+00
2.017888431794865323e+00
4.961164858676458067e+00
5.349393476065453790e+00
4.318475024693626985e+00
1.853297475192102750e+00
3.329463520236799479e+00
5.700645879644322456e+00
6.650980838023841102e+00
6.470633661714725093e+00
3.425224172032808490e+00
1.552437627584561053e+00
5.026330501120689576e+00
6.618724413758952707e+00
7.575915270872858542e+00
5.413554437415302623e+00
3.134464481194113361e+00
3.785075561673611144e+00
3.335825557155704946e+00
1.696481885778454490e+00
1.744210635482459804e+00
4.976177181006643302e+00
7.292957593424950424e+00
7.403407962953722610e+00
5.585591887528027932e+00
2.963916560509618936e+00
6.247843009033421380e-01
3.339034836504910952e+00
6.025163597725436304e+00
6.786968192115669929e+00
3.956430750443369782e+00
2.321807849932190582e+00
-1.807529987060972676e+00
3.334797110973939382e+00
4.742788788690725177e+00
4.181556646828714641e+00
2.136277760785076918e+00
1.409643881713366964e+00
2.420094438179317020e+00
5.439080290407264151e+00
6.804083966772692449e+00
6.144994445578900510e+00
5.745122043573561044e+00
3.797786859536139481e+00
2.594481900254217432e+00
1.168517450516269651e+00
2.644951242045601170e+00
2.795373913858716808e+00
1.923142302405890902e+00
1.357196473569469930e+00
2.993318885077396185e+00
3.523698243874752833e+00
5.114630447369473920e+00
5.558649232793400508e+00
5.036773281487988640e+00
4.555682106831972611e+00
3.800039232262702349e+00
3.722269982550089562e+00
4.141030941039947955e+00
4.114892827009926535e+00
3.683826517271091117e+00
3.363397431289804285e+00
1.592402721659613940e+00
1.493152721958396878e+00
1.945469252270678240e+00
2.244546855421305498e+00
4.709108004381977075e+00
5.836416265510332657e+00
6.440759372214363232e+00
5.600920225288867904e+00
2.542527677478731540e+00
1.449677925235259845e+00
2.869141295427815042e+00
5.217885761750023832e+00
7.523583193508800449e+00
6.597039913379896703e+00
4.152127711192209247e+00
1.644688670547656439e+00
1.691738880774326326e+00
4.117331587335544718e+00
3.814520912255869423e+00
1.866051516388650411e+00
-3.856553959888843752e-01
2.220922227335619503e+00
4.872284197901219471e+00
6.614655728399859491e+00
7.183156928864662838e+00
6.313857405113596499e+00
3.144542255668125286e+00
2.290349049510118196e+00
4.480648066581274236e+00
4.547737293625353949e+00
4.387384789484495506e+00
3.496695169139536041e+00
-1.102907244045673751e+00
2.229140275005214722e+00
5.283361397608550725e+00
6.183398726134037737e+00
6.487414171012342301e+00
5.207556400693762022e+00
1.323240866610377653e+00
3.132382174844415612e+00
4.816963576618726428e+00
6.369316219636417920e+00
6.796556919165219313e+00
5.806833158847443777e+00
3.358157384660833689e+00
-2.371343525925801998e+00
3.334356473606631344e+00
5.063913845675386938e+00
3.490151014346691838e+00
1.827929803373556039e+00
2.365282428703961770e+00
4.555618717375349291e+00
6.735639297789090207e+00
7.756342594854301886e+00
8.203507538635472329e+00
6.402324621244573244e+00
4.568392195340012840e+00
3.292134267775185807e-01
2.340941446001484572e+00
4.197987632412817582e+00
5.151668183812374124e+00
4.192791949554132813e+00
3.008360455060139937e+00
1.909445083719537806e+00
5.951934589968248979e+00
8.538477307425047513e+00
8.366358253059878791e+00
7.139333123332272102e+00
3.282357707210987741e+00
1.736874496695600678e+00
4.045547629292769898e+00
5.836689802965705276e+00
7.100245282484694442e+00
5.662460190369916546e+00
2.793330525653065610e+00
-1.097266165111577818e+00
2.847053419662434415e+00
5.767607259896288419e+00
6.036542376836910861e+00
4.691153651450927775e+00
3.223154793480482727e+00
1.014585204141752905e+00
1.806066751480594590e+00
2.847610570116969164e+00
4.054789784914260231e+00
3.152000473448335338e+00
3.734848371670789202e+00
2.986078960212836364e+00
3.089345753741054246e+00
4.069895539944383245e+00
4.859416284502477978e+00
4.906117581081715251e+00
3.628271453056921114e+00
2.147318631139081280e+00
1.014846228179392851e+00
3.407748577241493937e+00
3.859450038119836002e+00
3.855365469348744689e+00
3.297911947712325542e+00
3.423343301033487496e+00
3.494952039211454586e+00
4.879654562661119854e+00
5.722409596425755751e+00
5.509805850931434712e+00
3.709761135036361068e+00
2.193419737315705831e+00
2.909315341241270225e+00
4.472106145477583894e+00
5.689539484867237817e+00
5.725609463506534880e+00
5.325971390951733220e+00
4.265606838204752727e+00
-6.486962777908040767e-01
1.034288142244338404e+00
3.060674542726799174e+00
4.170400687370134918e+00
3.540084163953128193e+00
1.875323931905129804e+00
-1.774196565719618479e-01
3.208092726384821347e+00
6.204827128326164676e+00
8.877516820327800318e+00
6.818188872432219938e+00
2.861610621794524523e+00
-2.437832330771934508e+00
3.388882106693025253e+00
5.899405189812263473e+00
6.245782906711461635e+00
5.690092669845100204e+00
2.614155883996958529e+00
1.631840779319967849e+00
3.439893664652675209e+00
4.986160370790761576e+00
5.458005218377627976e+00
5.184551530375368422e+00
3.324719520617840818e+00
1.243547071274333060e+00
2.494155571046497766e+00
4.993720484444881258e+00
4.242811789893774055e+00
3.329213210854173877e+00
-6.559038418860831943e-01
4.149935521546363582e+00
4.878903856984186049e+00
5.903001980883513689e+00
4.999118967820236570e+00
3.652794004964540875e+00
-6.392541971420090396e-01
3.477998634883455953e+00
4.296462333488594965e+00
5.004883579275663408e+00
4.061204801004390852e+00
3.534659541839047847e+00
3.188971443757114610e+00
4.275474819189538422e+00
3.907841276765878558e+00
3.012081581415605225e+00
7.009508089847716894e-01
1.065592434708219294e+00
2.186143236761301623e+00
4.387170227796239885e+00
4.348390968413879953e+00
3.588150060538954911e+00
3.553162523084911317e+00
2.705826323533083499e+00
3.495012724024868067e+00
4.353024945939773183e+00
6.290130105941693195e+00
6.604775053967414600e+00
5.775030747737846859e+00
4.775664742957518527e+00
1.688477140136248833e+00
-1.754599918439475603e+00
2.715081723725743412e+00
3.878884700954081222e+00
3.025088144755819997e+00
1.581791920982059674e+00
1.497547537551874974e+00
2.373582495661893166e+00
4.942030918383654381e+00
5.574015647068248036e+00
6.130802120821925882e+00
5.274587485585862545e+00
3.059283624933327950e+00
1.761023833940726480e+00
1.794752340815583214e+00
2.777425615782219914e+00
3.448293799853459518e+00
3.230367352151069404e+00
2.680294672317925286e+00
2.399001158655319710e+00
3.233927561454922994e+00
3.491622485387975594e+00
4.340128971910930389e+00
4.688990944619944479e+00
5.048526516774304085e+00
4.807332410894944452e+00
5.179091838972530226e+00
4.574237093634892837e+00
4.047040175332957013e+00
-1.845823888317488670e+00
1.421022646299010983e+00
4.309885984354608901e+00
4.751476396263944579e+00
4.499149032020536509e+00
3.834108781053961135e+00
1.735896496427043578e+00
4.517304508790142670e+00
6.249404291407416601e+00
6.797324539094577567e+00
6.892161340216205190e+00
5.302619905108976184e+00
3.377206217713470515e+00
3.367142840491465616e+00
4.878131159043345377e+00
5.299933692577965871e+00
5.041320470545816335e+00
2.776938775039281548e+00
2.939665803451513515e+00
4.252497658783076062e+00
5.817413746671079799e+00
6.338171636141392007e+00
5.982753245624079952e+00
5.324067968222855995e+00
2.242630874062798263e+00
1.764055560062690153e+00
3.134088037872410304e+00
5.081930671332859362e+00
5.144882533285002779e+00
3.587300514245248095e+00
1.587550262049167493e+00
3.191747067221305301e+00
4.406023703960464388e+00
4.918029908279426543e+00
6.305327245339806375e+00
5.999209825111570638e+00
4.005118400896650499e+00
2.829435734243487932e+00
1.751966571458502209e+00
1.955479309478446837e+00
2.003884798990296368e+00
1.982001058907173263e+00
5.356709164641637599e-01
3.417245447290111482e+00
4.570729069846678705e+00
6.288484646236147668e+00
6.941238431519505703e+00
6.797467216803793733e+00
5.316055398227953255e+00
4.532172539977901593e+00
1.201709155911415028e+00
3.266056990861380127e-01
2.008026818487327336e+00
2.793519404065507583e+00
2.220516531272651584e+00
2.349259245048250122e+00
3.507652090086064156e+00
4.130106694501503029e+00
5.672217996053504407e+00
5.864542667257735431e+00
4.169137578852798676e+00
3.072063386722691636e+00
1.325383761190228826e+00
1.907854325594334544e+00
4.202203783282763894e+00
4.369100931030026835e+00
4.265910537257618707e+00
3.586296363386500374e+00
3.886035493953808651e+00
3.457280502849599646e+00
3.485213186744343883e+00
2.656397892619210666e+00
2.396247133773993898e+00
5.068648290526945877e-01
3.017917512440639438e+00
4.040745879978492106e+00
4.629515278214924479e+00
3.814038706293261694e+00
3.017928113057934958e+00
3.229106849865747364e+00
3.846128048219300322e+00
3.787681421094189371e+00
3.631690103365495581e+00
1.962258464466065000e+00
7.406094534924454464e-01
2.317126369462747970e+00
3.610219804478084438e+00
5.387781535651670062e+00
3.504725669999165572e+00
2.778163576642316279e+00
3.516977959888290872e+00
3.784388052349098253e+00
3.870880646206348530e+00
3.544887331557180499e+00
2.822637241863886981e+00
-6.923935338584064070e-01
1.811241355944523512e+00
4.515393496665931927e+00
5.149462079075671106e+00
4.985450310817771680e+00
4.918114217272650635e+00
2.540934978210934059e+00
1.405516673175588815e+00
3.246909745246890466e+00
3.568806945033580202e+00
5.242825039345522242e+00
5.435451444289162382e+00
4.044322226107697205e+00
1.522095103550700879e+00
-1.218935581115867750e+00
2.550814113502285263e+00
3.555105653637517626e+00
3.296065311757033989e+00
1.720122518973980608e+00
9.116969107952103135e-01
3.771271991992160455e+00
5.025615167019327423e+00
6.922209836720081277e+00
6.901389126476197511e+00
5.929857383246191382e+00
2.303415263130718316e+00
3.595195149714039751e+00
5.701155212040657005e+00
3.263226275788883246e+00
1.926131775157920112e+00
9.696870794045664432e-01
4.049695625652058872e+00
5.312102604645380310e+00
5.389456409529385539e+00
3.181072230462075545e+00
1.313343989684868873e+00
7.718028307765721685e+00
9.225243944123436179e+00
2.893671089015361186e+00
7.184601793411947490e+00
2.896066617574565072e+00
5.229531170075268243e+00
4.822008722343235299e+00
2.254069627216965355e+00
9.087874931476469520e-01
4.019764798152223761e+00
5.849733598571617676e+00
5.361375916262579366e+00
3.294180320547663410e+00
2.094193112713703453e+00
3.969076372843590050e+00
4.122315057933292337e+00
4.707693045263179776e+00
4.320055136775203586e+00
3.414741860216848668e+00
1.444862542003980899e+00
2.137310074436102436e+00
2.448307386658437945e+00
2.961288775029458975e+00
4.967572986633671306e+00
5.662427494540048123e+00
5.897132845227466724e+00
5.713908131606357799e+00
4.727894381716178707e+00
3.066474101437563160e+00
1.939848473284656594e+00
8.368985999380871288e-01
-1.094095850792987656e+00
1.439216245035561226e+00
3.156434027304075851e+00
4.564370055296552486e+00
5.373042164207812554e+00
6.000050709157788376e+00
7.596234330087431985e+00
7.544484992124611544e+00
5.334654510589595056e+00
2.612099115948084638e+00
1.408596912066812701e+00
5.122613952188362907e-01
3.335711147717025593e+00
3.942713391345402218e+00
5.253115289285950062e+00
4.495329823216374976e+00
3.124480067633884417e+00
6.106547099921877386e-01
1.876579600994848107e+00
2.195339772568903225e+00
3.124633427221884752e+00
3.244850775748949534e+00
2.459157014861018453e+00
2.772341772063991794e+00
5.677997621028231023e+00
7.284116234159451864e+00
8.134669643752859614e+00
7.672811553634015347e+00
5.785329399997476862e+00
2.676467941388576133e+00
3.147295393146193554e+00
5.356415796372147931e+00
6.008385887017955618e+00
6.338352266700376880e+00
5.724794556494729569e+00
3.884439671355481405e+00
4.012720363583684779e+00
7.418208263364091337e+00
7.016697118662189148e+00
4.831191781655257422e+00
2.827604264149464530e+00
2.916117342126657519e+00
3.977781238159629140e+00
5.833159534601692897e+00
5.154274907194108302e+00
3.330781208581174990e+00
5.871833594369978426e-01
1.647980284256960193e+00
4.676792556620045893e+00
6.020515872502542720e+00
6.065176720194541460e+00
5.122914737490191328e+00
2.548860002195797225e+00
1.935103715830309934e+00
2.897420661900566685e+00
5.314254284731831923e+00
5.543428228298135529e+00
4.073115283203166292e+00
3.283135764691734071e+00
1.794725451922972503e+00
3.090105240764838612e+00
4.647767262080749973e+00
5.980199439300240449e+00
6.308752760278017568e+00
4.702274846981316259e+00
3.529808349581081472e+00
1.808182287389937581e+00
3.861009819105642116e+00
4.387484609284077131e+00
5.438848501630151766e+00
4.732828404057235261e+00
3.043315244350605742e+00
1.780496699241144842e+00
1.910996465400486066e+00
3.417574768195659640e+00
4.419786903081734941e+00
5.850552974259768391e+00
4.865180995828432664e+00
3.765632182165745689e+00
2.918802075339137936e+00
2.905760047848813699e+00
3.671015327707441767e+00
5.314708167815311413e+00
5.340825224320915332e+00
4.238268258669831035e+00
1.535163845455897125e+00
-9.159826330435164587e-01
4.138724553695146469e+00
4.286403852350636257e+00
4.772244695944876547e+00
5.930475785276242640e+00
5.400876539182390523e+00
3.974682352015706854e+00
2.689684746789629877e+00
6.466826986162091950e-01
2.327040394799563039e+00
2.650250673293253811e+00
2.814996977015070900e+00
2.396385005708434157e+00
2.124812225361410345e+00
3.039169274473080495e+00
5.148146982191919463e+00
5.870263727014229715e+00
5.586457255019613655e+00
4.265141410944840672e+00
1.805035124912249600e+00
7.867812938271009360e-01
-1.272529608499076481e+00
2.312549776591068529e+00
2.276996344449046195e+00
2.718859261505408131e+00
2.881713365289500395e+00
3.736035121927625546e+00
3.619602069145385848e+00
3.246371273028426874e+00
3.184962741722832114e+00
2.848247600553931669e+00
3.753045216795434236e+00
4.750484942044231218e+00
4.924413221881609459e+00
5.266720661535712722e+00
4.026124116039668799e+00
2.680014109160026692e+00
2.959298847149915535e+00
2.614758373548810688e+00
2.909122167330567610e+00
-1.915615455445952353e+00
-9.065993268093915924e-01
2.003396357649220416e+00
3.266288917977563599e+00
5.641195441338610728e+00
6.753390319745603776e+00
6.614723863377829360e+00
6.393345987647386153e+00
4.248062628251670247e+00
2.735299467294038056e+00
2.042976758391224390e+00
2.947885115946268009e+00
6.116958362924715509e+00
6.624149040851849080e+00
6.175460382802772763e+00
3.788536925066394279e+00
-8.184224472156413910e-01
2.042976758391224390e+00
5.350432989889780444e+00
6.866507495486533941e+00
7.647454536068191366e+00
7.431092489008212176e+00
4.711353835455751593e+00
3.316616067598664230e+00
2.777186317128679249e+00
4.350655048464226127e+00
6.816072162654510436e+00
6.813894588792377860e+00
6.175888911974684703e+00
4.436248813717382333e+00
2.827357669589982248e+00
1.947481474808187674e+00
3.813135156783532764e+00
4.782296994077572805e+00
4.825298993185834995e+00
4.259726242628192772e+00
3.438055935587171152e+00
-7.219957348336397684e-01
3.606362964276317307e+00
5.403327112807547294e+00
6.137170342670605017e+00
5.236873281908307476e+00
2.694394633695499142e+00
1.964777881772949542e+00
1.718402377178821938e+00
3.868516275336033150e+00
4.362709491645305526e+00
5.063703308628231703e+00
3.635535748182780580e+00
3.294199814625107248e+00
1.976819714679316498e+00
5.273367711698989657e-01
1.548930602776253496e+00
3.770073917062592095e+00
5.285466209976517504e+00
5.993372960117885562e+00
5.976065904258824446e+00
4.992410071800876814e+00
2.183385497970053102e+00
1.945635633739191128e+00
4.320900358657331353e+00
7.294258367316538205e+00
8.340302932750178755e+00
7.682148730549045013e+00
5.605824309267890548e+00
1.569463983239491212e+00
3.470072548775140042e+00
6.739739593635473369e+00
7.564164096773131618e+00
7.180336118587462124e+00
5.787275592170980865e+00
4.782402801311807394e+00
4.871955967155521705e+00
5.940607066719161722e+00
8.494594106998182070e+00
5.853626059348585819e+00
3.891227544159985730e+00
-4.349116599771942621e-02
1.716187203943014827e+00
4.389901641518386022e+00
5.574056820256627631e+00
4.530209472545827509e+00
3.981831407887070018e+00
1.135198788882610277e+00
-6.289520288561387673e-01
-2.414577880111019148e+00
3.546398107875415651e+00
4.022031338577439996e+00
3.194523672460421793e+00
1.502172086501796233e+00
2.703573697908906670e+00
4.092117985941183811e+00
4.986872379718563231e+00
5.471050992031890381e+00
4.500643518183081504e+00
3.441462969124143179e+00
3.030070251426359107e+00
2.848135831276502383e+00
1.770892886984125836e+00
1.461923026101205059e+00
2.845808488503418499e+00
3.115682057562383367e+00
2.036512739129304528e+00
2.801216672954591758e+00
4.762521443164521529e+00
6.545638213927067461e+00
7.116457249617822889e+00
4.735440351836679440e+00
1.693843115712478475e+00
2.197693078817731127e+00
4.885087202524229788e+00
6.055665475886955029e+00
5.041439201847062179e+00
3.308753173282075188e+00
3.896535704029072900e+00
8.057256755744445442e+00
9.071339550284781339e+00
8.081577633339712463e+00
4.975988006198549307e+00
1.169101768279695808e+00
4.409537802551908747e+00
6.247497442388431743e+00
6.528731575754362026e+00
4.710006558375646080e+00
4.045763023934195068e+00
8.077153556670634060e+00
7.923181495956674425e+00
6.404657384969698164e+00
4.390900882836744401e+00
1.575331727546045446e+00
2.758251267632664039e+00
3.963057055760482061e+00
4.000652895111429963e+00
2.407497889522496770e+00
9.971463159933764420e-01
-1.996477053000736301e+00
3.975192671734718353e+00
3.696308237952721676e+00
2.548899433224272482e+00
2.565113046529092333e+00
3.812068077268422783e+00
3.902306450951104289e+00
3.591869165046162493e+00
3.012542249191740407e+00
2.187715714468166261e+00
1.118694658793282226e+00
1.079958988115244489e+00
3.664450630200688508e+00
7.241531545340864184e+00
7.921172396690128181e+00
7.962980894945505206e+00
6.687620753434561749e+00
3.692207496722872850e+00
-3.741545257968114102e-01
3.017058277621225582e+00
4.759242277760801443e+00
4.866630851409416536e+00
3.507974985579854987e+00
-1.100500115732693240e+00
2.397926535547215465e+00
3.760335047911519180e+00
5.129437361675525331e+00
4.118443209437378627e+00
5.343885910934913497e+00
6.833039208781905849e+00
6.904171065614165492e+00
5.195721726790281103e+00
-1.252026571772687280e+00
2.303526831704172384e+00
4.801136228569021114e+00
5.479254379958875099e+00
5.048069940784245979e+00
1.931086538638486116e+00
4.512038711325582874e+00
5.490786850095390470e+00
5.540796795500621208e+00
2.842797314747302462e+00
1.632034641262953834e+00
4.257031376544079038e+00
6.127486423737490639e+00
5.983123138475884062e+00
5.603462906452823411e+00
1.473983485108739444e+00
4.053700046382684441e+00
5.528421899478381363e+00
5.760495715617728330e+00
3.900816419836783844e+00
2.022607091475382646e+00
3.445156462609469283e+00
5.938507362355429642e+00
5.599428766774127375e+00
4.639002915103687563e+00
2.317918082214741826e+00
2.188749801501482573e+00
4.320899239481129861e+00
5.434141861761789372e+00
5.204514048776320401e+00
3.643435272291857263e+00
7.813530505058811082e-01
2.823371729485080195e+00
4.544894531835623752e+00
5.656245561161556523e+00
4.979840822557432212e+00
3.689147157910200647e+00
1.950583659657526114e+00
2.237391708779975730e+00
4.027364848057804814e+00
5.089592085054990278e+00
5.298255425827507636e+00
5.155440980460920031e+00
3.734130435427346129e+00
1.809507660630349068e+00
3.924566862468813255e+00
4.178740857620990568e+00
4.128935607189286650e+00
3.127618166962001123e+00
2.526725040474224304e+00
2.898111940440734280e+00
2.334810840182312219e+00
-1.114307749235438738e+00
2.137074107212790341e+00
5.312920815502494953e+00
7.777892086155415718e+00
8.143034744487080090e+00
7.263225775107114757e+00
4.517755688024927885e+00
9.782709687764177264e-01
2.890149937401139901e+00
3.841916353925606042e+00
5.091838213462962059e+00
3.788252152140913154e+00
2.846595324852969622e+00
5.629451253222148566e+00
8.815552049140556790e+00
9.432188304865615436e+00
9.026523308095825371e+00
6.146411388982872204e+00
4.417764169907464122e+00
3.258506022611542985e+00
5.281213796628764001e+00
5.855072429142552437e+00
4.548280272986450434e+00
1.715125972201535731e+00
1.686115491214545736e+00
4.805823320119710473e+00
7.097227075399712426e+00
8.145694153101008084e+00
7.942263306648106536e+00
5.949957341648431708e+00
4.643945602442279608e+00
2.065087187026421578e+00
2.375424999110534952e+00
3.476294842568712795e+00
3.876723350489347020e+00
3.474239414544017635e+00
3.261465867376776018e+00
3.505742044702823801e+00
5.767349698581623940e+00
7.823825659620865736e+00
9.290603851744638320e+00
9.069232297261876852e+00
8.145232271247346389e+00
5.955467717400377836e+00
4.247543304167694878e+00
1.185479687848365771e+00
2.907859360905436841e+00
4.265965987036298479e+00
6.145539176118601787e+00
5.741700758279507433e+00
5.506851008760946797e+00
5.325895099408724853e+00
4.271676390821753877e+00
1.289960173348790873e+00
5.949487223185998541e-01
1.659086763652862118e+00
3.374098154177254116e+00
4.611087350612223190e+00
6.644577563250217089e+00
7.027070383472437953e+00
6.665736564947334131e+00
6.287516039020033531e+00
5.468553205843320164e+00
2.433026507374298930e+00
1.980873605738764809e+00
3.358203685884986633e+00
5.086023086168911078e+00
5.782106185094253448e+00
6.681701828098918661e+00
6.749359465981554784e+00
4.950236482582765163e+00
3.462434572247288678e+00
2.050939712623625510e+00
2.840841362102406453e+00
3.764957704590978782e+00
4.444543868963264366e+00
3.973851249945945519e+00
3.224479899016459594e+00
4.511204580614450954e+00
5.393888972376554847e+00
8.752332640575870570e+00
9.854855715362106139e+00
1.188320882822114477e+01
1.168596866305126625e+01
8.857679487098661042e+00
5.340465251380391187e+00
2.694280264530435343e+00
3.830695341373080876e+00
4.127697526482914547e+00
4.204159247616439110e+00
4.109810371435458798e+00
4.054653190283298514e+00
3.413420928757915807e+00
5.001745690284462142e+00
7.182957797490586493e+00
8.573387714749904021e+00
7.114053225169500116e+00
5.235292348890862257e+00
3.610358331335597359e+00
2.532749778812145802e+00
4.077078195181461417e+00
3.866876574690888191e+00
4.102810426876048133e+00
2.597462080573214038e+00
2.379027008354158923e+00
1.832672509589308607e+00
2.566609094250188683e+00
4.185584119129936553e+00
4.644889853046779926e+00
4.715751544506624704e+00
3.876520929344448696e+00
3.370714923487036163e+00
3.087230066276871021e+00
3.651695980380274875e+00
4.326074444265611163e+00
5.893531201682139731e+00
6.164690371323989559e+00
6.234039859206641943e+00
5.193844544631249782e+00
3.048596682262290081e+00
9.144510079688283888e-01
2.181005735813847934e+00
2.947926960306740174e+00
3.599924313339418980e+00
3.306461124310261734e+00
2.866580020358852732e+00
2.341212894734675309e+00
3.191971824642740430e+00
3.653474508985445457e+00
4.581469641223473666e+00
4.859033465002072560e+00
4.121697567232501136e+00
3.437471993768637990e+00
-1.897813539509598524e+00
-1.481233495382929810e+00
2.608241966031300318e+00
3.967240107743664534e+00
3.785495463073744737e+00
3.327941789206317669e+00
3.438413977160797774e+00
4.399496697563091807e+00
6.657164597879691392e+00
8.572794022406641901e+00
8.268436830010172045e+00
6.183423859474334705e+00
4.753367091116118992e+00
4.783009927836191721e+00
5.908832025333431659e+00
7.206687582666011060e+00
6.133993193298236335e+00
4.448248687251625810e+00
1.819508087445339539e+00
1.354624711722161701e+00
4.135255044016957093e+00
5.145089816869695909e+00
7.286506626706191092e+00
7.000778444128743061e+00
6.619200865211389839e+00
4.943420473329831033e+00
4.166293889724169475e+00
5.110399646129152984e+00
6.606190866698201880e+00
7.394996391777063138e+00
7.381536619000381272e+00
6.141717991801994181e+00
5.231490442443412547e+00
2.513169159279684539e+00
2.139562779420720151e+00
2.296742458179582336e+00
3.821321881336918302e+00
3.708757372131993080e+00
2.645731130427556810e+00
6.134784579981095165e-01
9.060865084725177043e-01
2.464994240820379545e+00
4.976491283619622230e+00
5.649531041290657640e+00
6.029573634542066962e+00
5.968690714045593815e+00
4.845608985863091966e+00
3.549470453908164291e+00
1.824725154092324830e+00
1.529302046110426527e+00
2.788133244219362261e+00
2.928982918248259182e+00
3.568907342536183247e+00
3.431574231113424744e+00
2.974040508920400949e+00
2.650381683917540698e+00
3.383973799397518079e+00
6.033930101703054660e+00
5.240418288098468658e+00
8.479468432738416439e+00
5.333508982281093047e+00
4.294031483862048582e+00
8.907168969700614003e-01
7.211757823579800331e+00
4.531337075652698054e+00
1.310704655557849874e+00
5.236363330076909683e+00
6.560905600622962908e+00
6.442594047405774127e+00
3.897464578003150049e+00
2.781101951465907440e+00
4.749009412381081319e+00
5.356830999642665070e+00
4.285726077090576069e+00
4.092244429538234307e+00
4.298603155831550282e+00
4.414533502739088178e+00
4.979519012700241554e+00
4.941838004736696988e+00
3.812393501469198309e+00
1.966465014873461037e+00
8.401882517344833046e-01
1.098218815238856116e+00
1.889396283815729216e+00
2.812106936759917630e+00
1.450008208955387401e+00
1.579001527991015896e+00
1.409646434582721097e+00
2.349023081127108004e+00
4.403841990448297494e+00
5.329584071251674438e+00
5.691573541717535711e+00
5.068453139845829014e+00
4.654272903643749792e+00
3.306898369454641884e+00
2.694140092564645261e+00
2.949190709426730006e+00
3.828903472460023050e+00
4.066920569955791542e+00
4.144171304237838527e+00
3.699680650848758745e+00
-7.342546897936098604e-01
3.932177583943256671e+00
4.907296758991257057e+00
6.914048311422683391e+00
7.274283918941148563e+00
6.279066723840595721e+00
4.134278505879387389e+00
2.609427416933109534e+00
2.942952716616739739e+00
6.393197268852779835e+00
7.428331165564897809e+00
8.238463804977966376e+00
7.349037708429942306e+00
5.557264725482005119e+00
4.535132275219923237e+00
3.225038680955713222e+00
4.206927225737811860e+00
4.757530350342515035e+00
4.281774049283752603e+00
2.927966001774314542e+00
2.287292888360611176e+00
3.128659387908457212e+00
4.361349245696831467e+00
4.996035486553815019e+00
6.964732122671434489e+00
7.241116970068512515e+00
5.874270288140620799e+00
3.537451695894580084e+00
3.470042454499183471e+00
4.219298804573051953e+00
5.107127688485059380e+00
4.869392402064214309e+00
4.124500333625435999e+00
3.385084329858373486e+00
3.411615647877803692e+00
3.925221791031081597e+00
4.148662728607847683e+00
3.983237831003942020e+00
4.243478749577811904e+00
4.156612161177342557e+00
4.206008308409089125e+00
3.938163030832518174e+00
3.933353497066535809e+00
3.444277322842032696e+00
2.320820862319912248e+00
3.090519427572842481e+00
6.242963084315864108e+00
7.492854978238081110e+00
9.033732728473449214e+00
9.498949749206184734e+00
9.995331031022873347e+00
1.011120590801087893e+01
7.937130126448866285e+00
4.287214121853624604e+00
2.252786272537160794e+00
3.820697169717203856e+00
4.975215267559367049e+00
5.149936871952398576e+00
5.162093534155737018e+00
3.738925465863821795e+00
1.352074559825408917e+00
3.353218897056115644e+00
6.281411902958280891e+00
7.948805334302369019e+00
7.416444639171118958e+00
6.550291259273945066e+00
3.798859707410495279e+00
2.629771804437249560e+00
3.098299041266706855e+00
5.269443168503366692e+00
7.663813068177896426e+00
7.625153226264211881e+00
6.447609901392159948e+00
5.626410952518501318e+00
2.486192699986919941e+00
2.675604115458817489e+00
4.603161556417528999e+00
6.239821248745965221e+00
6.636067997527652196e+00
6.337487010506572815e+00
4.673831419202711501e+00
3.887817701187034736e+00
1.766025157277745006e+00
2.175652881105517800e+00
4.053293179743829633e+00
5.331712884968624167e+00
6.064554858437989360e+00
7.255872284339302425e+00
7.249735855125007511e+00
5.998349758698038769e+00
4.373222382149773324e+00
3.680153780357963367e+00
3.092755661865810968e+00
1.571667550215279485e+00
2.395859974304293427e+00
4.032316911807611426e+00
4.803204479591366649e+00
5.511410249470744205e+00
5.806545401664558348e+00
6.509438719994592226e+00
6.621991826811822079e+00
4.732419003687523329e+00
4.062327827301306371e+00
1.540880643608196543e+00
-1.732113254373718048e-01
2.060309980485762082e+00
3.404242363057106147e+00
3.579607023534293830e+00
2.779072913520346244e+00
2.193225646902075887e+00
1.544270590331228599e+00
1.203835198199148859e+00
3.469074823305631661e+00
4.364509163522766855e+00
5.423222283775203323e+00
5.388460518777290709e+00
4.685275515403969138e+00
2.971477088633839969e+00
1.084642490054095854e+00
2.531925302931390842e+00
4.401736891367352911e+00
5.446997080326418050e+00
5.507348312597714290e+00
4.268354273032061386e+00
1.625772521937038251e+00
3.461907183395779963e+00
5.504229902104770922e+00
7.649620461088539436e+00
8.215411717663783975e+00
9.183980124077473661e+00
8.686859489272180213e+00
7.265356293269627841e+00
3.947734715539810146e+00
1.987427588699158587e+00
3.442004950842541877e+00
5.298164385367652329e+00
5.766321617960382007e+00
6.050942879089533655e+00
5.450142974018316266e+00
3.391743020245775231e+00
2.224017197741411600e+00
2.640249217708546592e+00
4.406553558459791908e+00
5.156325314620257672e+00
5.452741736580963838e+00
5.348755428945307422e+00
5.106124813297840070e+00
3.047655973864368484e+00
1.965361113033980534e+00
6.758525821239019793e-02
1.002632210678159774e+00
1.492303340063682704e+00
-9.296317219274549126e-01
8.095939075672768936e-01
2.781535386323894521e+00
4.901654355752024905e+00
5.368182319188911755e+00
4.956807907249189959e+00
4.139604102453549928e+00
2.738830035328501999e+00
2.553002053383134573e+00
3.407157493016567784e+00
5.758097783767603062e+00
6.707458460962256730e+00
6.840086081326019141e+00
6.512260199835806063e+00
4.300846824542575497e+00
2.940261156522936403e+00
1.721067569084531623e+00
2.988373470932975007e+00
4.566236405860194303e+00
6.023268911768245637e+00
6.325809376205334900e+00
5.808846099097985771e+00
3.762357305003998231e+00
2.686154255697287052e+00
2.204873615526844688e+00
3.920919569413194861e+00
4.941439337222417905e+00
7.093248549244285606e+00
7.809620624708733416e+00
8.094572315393195439e+00
6.281423922163347662e+00
3.548941220109997907e+00
2.608618931799017382e+00
2.144253724864012334e+00
2.179206464093141005e+00
2.378974290355192700e+00
2.902035603593345225e+00
3.245771902022472233e+00
3.248555737534853716e+00
4.484671910363834613e+00
5.957715982567152402e+00
6.699496880543472699e+00
7.298717711163206445e+00
4.997592288219304457e+00
2.548467762109154933e+00
1.870504837667110509e+00
1.833843365935720060e+00
1.877814322872717545e+00
2.215868716253387660e+00
4.322767845171316736e+00
6.029964853079927245e+00
7.903748694625356563e+00
8.518469029563078720e+00
8.970387549771769997e+00
8.790270986585936086e+00
7.684184114159815060e+00
6.528989357861989085e+00
4.050608418758064211e+00
2.929483690409069752e+00
4.112969961630712490e+00
4.721374677096186190e+00
5.647418682353835706e+00
5.739709298552552852e+00
5.007056207447115881e+00
3.305012044149200356e+00
2.184992063514394012e+00
4.231789087144799844e+00
5.947357894437963033e+00
8.502922531449472743e+00
9.129917060302320309e+00
9.817519488291049257e+00
8.513958452697364621e+00
5.213054653055916532e+00
1.055923786501942629e+00
9.750627772905033908e-01
3.252992534006593939e+00
5.922804952137163070e+00
7.312413885877969477e+00
7.579130450429038213e+00
6.790900743603573098e+00
5.601353456923376051e+00
4.251245951594743389e+00
4.201503450493040859e+00
5.173954888716276734e+00
5.887949039625343772e+00
7.306253367621196482e+00
6.960160221662816227e+00
5.540720479996918968e+00
4.693673049172862655e+00
2.665289999712840974e+00
1.965196689273980057e+00
3.342008777416186849e+00
4.154866327309303387e+00
4.649532112947712292e+00
4.812109755557968604e+00
4.158878082083363736e+00
3.402185764506119980e+00
1.476931433975955166e+00
2.114801486098736749e+00
3.715294346817538340e+00
4.502299104140942809e+00
3.440063311378791067e+00
3.407605931701522373e+00
1.228818281374385979e+00
1.118522604276549703e+00
2.730049158602694703e+00
3.889278707182210582e+00
3.976929729007687264e+00
3.417097488740777234e+00
2.954059552614568318e+00
-8.060102162133646608e-01
2.682096008182901059e+00
3.397095488613927738e+00
5.383663403485792642e+00
6.747642120511237351e+00
6.936988941321259539e+00
6.350851535176668783e+00
5.762106498206974514e+00
4.194293729427332806e+00
2.879894288210149256e+00
2.272323634429434858e+00
2.546144097707601528e+00
2.610559495708164590e+00
1.561613467763991014e+00
-1.283857204344445613e+00
1.023535884411935992e+00
2.106791700976567316e+00
4.898097120186256426e+00
5.924778608932814272e+00
6.676365102226793802e+00
7.492684160008989736e+00
6.891239464013526828e+00
6.972732535155063083e+00
5.474488691827652076e+00
3.630638974348779247e+00
1.317254203751517583e+00
2.493099032210437382e+00
3.522711307847731899e+00
3.788885738512107526e+00
3.646616138497879245e+00
3.371670368681769947e+00
3.893017879990602559e+00
4.096716568447593687e+00
5.842137274378234935e+00
6.506426163682189845e+00
6.799067065467022886e+00
6.071496646397753771e+00
5.988288589574591647e+00
3.404631176483681632e+00
2.352531904726810286e+00
2.361108719840760095e+00
3.168691730566353115e+00
3.429128301948346280e+00
3.917007720858467934e+00
3.439685264140525778e+00
2.505463549851596916e+00
2.472550391666960223e+00
3.469421129472562537e+00
6.350858635243175065e+00
8.148121847958414321e+00
9.439015798677166558e+00
9.657701428635235175e+00
8.570148084356777218e+00
7.514109459170001060e+00
6.994116682116556127e+00
7.556645815316011650e+00
8.542821586274731871e+00
8.576197938635923279e+00
8.235662726553711011e+00
7.302132457792890996e+00
6.313053084143974480e+00
5.669628107185383570e+00
5.413498408504089809e+00
5.487879324255635183e+00
6.142394523936818729e+00
5.647725945052410879e+00
5.630914520085710251e+00
4.093470562930670908e+00
3.074966589230154757e+00
3.674988285674403610e+00
6.701695270563346796e+00
7.450411558811406820e+00
8.457991450054359817e+00
8.422443408249897345e+00
7.885748381443491439e+00
7.893647659712252462e+00
6.833555111549041605e+00
6.210487356714939011e+00
6.063907286829372190e+00
4.777624140593020208e+00
3.950796661208304084e+00
2.570736116105267310e+00
2.092200878059278679e+00
3.154227400657408698e+00
5.506423324563921362e+00
8.156139074577344772e+00
8.972234453635667961e+00
9.651919081512966514e+00
1.009347241643290083e+01
1.030417120445854096e+01
8.896603682691891279e+00
8.197571142168799341e+00
5.487355422184110765e+00
3.953176062577235417e+00
3.341346801813136924e+00
4.285576611347959641e+00
5.143674454945768915e+00
6.683029883402531013e+00
6.888442830394182259e+00
7.960079834977067392e+00
8.777463869546348718e+00
1.027169326094004020e+01
9.595129021185787366e+00
7.490644430940585075e+00
5.343616389787437804e+00
2.535235591341075789e+00
-1.529329530115658864e+00
-2.049487633716795987e+00
2.687735349442650801e+00
2.268519093893803351e+00
2.446524100987604200e+00
3.115597897311041642e+00
5.733405653668585344e+00
8.142676613204431035e+00
9.069398391858596753e+00
1.085091574841557183e+01
1.185859422810709063e+01
1.134991028745161401e+01
9.541013005524941804e+00
9.103762095129551923e+00
1.008569454915698138e+01
1.153875257450183156e+01
1.152544081621474348e+01
1.088504703332079160e+01
9.087811484514078941e+00
9.016591422420217938e+00
8.185780641769172306e+00
8.237725508894845561e+00
9.470659865740280736e+00
1.089012346482529203e+01
1.157518206701215568e+01
1.183676972299346986e+01
1.123191707730755162e+01
1.022507063402804128e+01
9.535390589303766262e+00
1.003129679882414926e+01
1.127220792124972704e+01
1.263900204254844617e+01
1.283138757871611269e+01
1.224829828634455176e+01
1.156998042359415990e+01
9.139195532853925386e+00
7.658708653247585652e+00
3.933134211699154115e+00
3.684513078374500150e+00
4.343316479967883836e+00
6.378710416306572206e+00
6.946196273869436055e+00
6.552624950161352047e+00
5.307054524010802687e+00
5.307054524010802687e+00
6.530089066515795793e+00
7.743915911157440490e+00
9.757274078375850479e+00
1.130456732656247354e+01
1.158189757442299062e+01
1.206098001373432282e+01
1.170907670645113896e+01
1.041583415937236445e+01
9.495439059456474595e+00
8.975615437324728774e+00
6.278703806399895448e+00
5.310860130387420774e+00
2.932315583006677606e+00
2.609960676603061636e+00
3.008143180511456460e+00
3.740862847575456840e+00
4.946779913184557564e+00
5.010715184206206985e+00
5.882932431032283027e+00
5.835266075881363257e+00
5.620474081290584678e+00
4.276461331142591860e+00
3.856876308013058363e+00
-4.213725160292238758e-01
2.839210244797722438e-01
2.777939172359593645e+00
3.318700747172022680e+00
2.940471695873206226e+00
-1.353000453957145410e+00
8.363399142615812742e-01
2.104998505452307711e+00
4.255744087160016953e+00
6.403841475054855792e+00
7.170081082719701016e+00
6.616092756087962101e+00
5.772741699661553483e+00
4.848948229732100046e+00
2.101586711812061026e+00
4.956134118628666152e-01
1.927164306984554765e+00
3.434819818168722172e+00
3.710251313677735752e+00
4.309185691886423974e+00
3.034432442268723218e+00
2.138118706867177199e+00
1.977328573472370454e+00
3.243860764940686092e+00
4.095182613789462245e+00
5.691061679385657435e+00
6.364949263543731917e+00
6.086126486781106237e+00
5.852086990282024281e+00
3.432307994150004760e+00
2.977369638622177739e+00
4.059154608247693474e+00
5.424050151933277775e+00
6.717337501724946591e+00
7.731384604699930385e+00
8.341751147094109697e+00
8.090206722824385466e+00
5.858527408722120633e+00
3.491155385344264950e+00
1.963983595709239527e+00
-1.133329993403404012e+00
2.188742474871557597e+00
3.521266151987098691e+00
2.673663681369727652e+00
2.524010319578914086e+00
1.082492897721165637e+00
4.754603994299315683e-01
2.792315031829342598e+00
3.887188413989861147e+00
6.118714699879328478e+00
6.487500983694606482e+00
6.826588380333419970e+00
6.618875749358076099e+00
5.517650579714710624e+00
4.298548872486362527e+00
1.898632638262327976e+00
9.452310402384631605e-01
-1.022323211847132152e+00
-1.982889776956684669e+00
2.886413797367261669e+00
3.163210701039856687e+00
3.195855208590379082e+00
3.392764523710296576e+00
4.311680846544700074e+00
5.078761034716669620e+00
5.837834313268245090e+00
5.773583442138158439e+00
5.905723839512367235e+00
4.210778010414173878e+00
2.559168728665238035e+00
1.580240989705095300e+00
2.920648437285497501e+00
4.239960981603268841e+00
4.629042602140765794e+00
5.110984862899067060e+00
4.398747718595517497e+00
3.768979640215651905e+00
3.513578995032389685e+00
4.593000131198318847e+00
5.450032355657390859e+00
8.217486105866095514e+00
8.762576664606232413e+00
9.251033949786899413e+00
7.945251258446056397e+00
7.566080299118056907e+00
8.966456063973270219e+00
1.020136630072625472e+01
1.139163626837051702e+01
1.193439174967988592e+01
1.170970296797182542e+01
1.132839873197678315e+01
9.376415070082661174e+00
7.310420500262271304e+00
5.150642163100369153e+00
6.522519687192330551e+00
6.976696597055327409e+00
7.124735875444851096e+00
7.133503000333432986e+00
5.753144281212282607e+00
5.920820368582178972e+00
7.495780070580347676e+00
9.376998019476133095e+00
1.118638775517017514e+01
1.156141329855865330e+01
1.204008169271412676e+01
1.130976382172744898e+01
1.046480073383087550e+01
8.543249341984651579e+00
7.539932736703285343e+00
5.589633172957216622e+00
4.895606491154389950e+00
4.299955615844326395e+00
3.870441946003668310e+00
4.342151647475139598e+00
4.450103292754171491e+00
4.748422568565155544e+00
7.263543893128327156e+00
7.779566691304136583e+00
8.985612405031917049e+00
1.127841358900965751e+01
1.173135351075358379e+01
1.213123201568716070e+01
1.275881889968155392e+01
1.167748060257262033e+01
1.066638392989457707e+01
1.000696803936085644e+01
7.711171389114270802e+00
7.355504838458278627e+00
5.839457984600353591e+00
5.024817959042441551e+00
4.769508564970223574e+00
6.486001215911944229e+00
8.661507679106364321e+00
1.010384135873448308e+01
1.063753530283636906e+01
1.092173527077245332e+01
1.088081964497545684e+01
9.591486369588638539e+00
8.478928740815947052e+00
7.117461216604193730e+00
5.480847503153873035e+00
5.167252100001435977e+00
4.073890684064912726e+00
4.629045089936826507e+00
5.204025477044747383e+00
8.193109532999521605e+00
9.384149854773292887e+00
1.149768182064548938e+01
1.334738954482609330e+01
1.389769727246367204e+01
1.477322723375687019e+01
1.403655331520174521e+01
1.295202605623432390e+01
1.082395970782475736e+01
7.311928444370050073e+00
5.130714131802960765e+00
2.745788544126669173e+00
2.159037779342723340e+00
-1.393143517883273397e+00
1.782839853107538897e+00
3.109798477333105993e+00
6.909460828844708580e+00
1.041041471268007612e+01
1.191214840097998540e+01
1.587062942376802077e+01
8.027846036912743344e+00
1.612683310375604639e+00
5.168696998914006357e+00
4.771452709201595255e+00
4.111394987859064543e+00
6.399308338383371542e+00
6.678577929996791340e+00
1.323304634565453597e+01
1.328645591367725842e+01
1.133162408928427034e+01
8.159211055843309524e+00
3.645017842456184987e+00
1.750603568174448510e+00
-2.419582320782049933e+00
3.933163331112054628e+00
4.588205301472628506e+00
3.637874420313808699e+00
2.911361963521161833e+00
-6.017447485609583868e-01
1.215070917997336020e+00
4.592717087124777109e+00
6.171952269379312739e+00
9.148877853683154981e+00
9.835616602766597438e+00
1.183173781931815682e+01
1.161731794249924299e+01
1.061721025570333055e+01
1.018067388885286562e+01
9.402000201374759669e+00
8.237602697635299620e+00
7.893671092295724279e+00
8.698404294148019744e+00
1.045270315647939441e+01
1.080597812739719465e+01
1.145326868604641746e+01
1.183076312561292376e+01
1.164072678760554780e+01
1.195314769864426552e+01
1.214871348953957408e+01
1.059226321872754362e+01
8.896511735493531248e+00
7.263719194233428489e+00
5.795355092540940056e+00
6.325119172211001839e+00
6.812477854841398006e+00
8.166964536747359560e+00
8.656316581641315011e+00
8.609950486356614974e+00
7.612764477776538641e+00
1.219831165739376333e+00
3.676347946354375118e+00
4.992892322583458053e+00
5.655455532423840026e+00
5.366832486946919722e+00
3.979484036470455788e+00
-1.593028965603378921e+00
5.899283159984571867e-01
4.148945104639154557e+00
5.449968648377961244e+00
8.611972860788167594e+00
1.063494934185730756e+01
1.098567715291079061e+01
1.055887849864337902e+01
8.904486654684708569e+00
8.316400213203046121e+00
8.818683199167001163e+00
9.322883194342852065e+00
1.134193634598438472e+01
1.279132737313476653e+01
1.412017453428782687e+01
1.407340464920629231e+01
1.461442571796030165e+01
1.383841228695753145e+01
1.273456792248381397e+01
1.206248884003782074e+01
9.757837209800749534e+00
8.680770712821319179e+00
6.557385333422796947e+00
5.169308507033584910e+00
3.925340556770438472e+00
4.119715223932708170e+00
4.646491874264953026e+00
4.944767067733302213e+00
5.311937318157909260e+00
6.107989504409205850e+00
7.250901906893988169e+00
6.754432487424536724e+00
7.257561893886111726e+00
7.449593943534927654e+00
7.415874091299714976e+00
6.805526352100127241e+00
6.117609726428942629e+00
5.384680438696225480e+00
5.135164534047869545e+00
4.355325526788252688e+00
3.831927756858376721e+00
4.257588581145491879e+00
5.201403048014927144e+00
7.516841672642490479e+00
1.028164776851504136e+01
1.131517111637235651e+01
1.216509840389908170e+01
1.332593617053439772e+01
1.445338240347101255e+01
1.426543956068282881e+01
1.334432250727813418e+01
1.146802705725083626e+01
1.040033790013727533e+01
8.612229035789425780e+00
7.863873369998617413e+00
8.686338849595093947e+00
8.823923152222326038e+00
9.007943843681395890e+00
7.648975486869717066e+00
5.351932181592277793e+00
3.349287739584700940e+00
1.364997096182099190e+00
3.168960990309050985e+00
6.399081672582787483e+00
8.679221971261739554e+00
1.120536030089679436e+01
1.269949278779368562e+01
1.234574070960133874e+01
1.109523262522738563e+01
9.920151648906163189e+00
9.464513641388069942e+00
1.042901324804060437e+01
1.196310885615392650e+01
1.217456730078188265e+01
1.346838006608056659e+01
1.351927519679042078e+01
1.352878649598886263e+01
1.263604193837281287e+01
1.147868112728175483e+01
1.012402958349235327e+01
9.153675351682498018e+00
7.121294173587380705e+00
5.491874020771760456e+00
3.888396525383127411e+00
3.115311828422238083e+00
3.278973558808953026e+00
3.719644214952580352e+00
4.845511407034440943e+00
5.146366335198154118e+00
5.390865836378845088e+00
5.626817164098168789e+00
5.044392939367106976e+00
5.071237677281439815e+00
3.731220949142127541e+00
3.367530895957347337e+00
3.753133209253297409e+00
4.060388140455517991e+00
4.821805632067200698e+00
5.375577628091426696e+00
5.194181162437828903e+00
5.421825880021250654e+00
5.084021366861652069e+00
5.537281246907328480e+00
6.571545441440584945e+00
8.345140974616388263e+00
1.184581378761260595e+01
1.333731849140252201e+01
1.491005576887283723e+01
1.670837821945260870e+01
1.664751596689201563e+01
1.706915286174584168e+01
1.525882236467559139e+01
1.378344622637493266e+01
1.107180640889726142e+01
9.635734109353377264e+00
8.574306392747272909e+00
9.092546036019667710e+00
9.687683440960393355e+00
9.536962424393804483e+00
9.056890970835659971e+00
6.956047203051009653e+00
4.300747736030070989e+00
2.871779769636455093e+00
1.986017525998358790e+00
3.199042761974645543e+00
5.123757722658561775e+00
5.125505181465830340e+00
5.626877248834407652e+00
5.794591484393033731e+00
5.412806497152272023e+00
4.580646005521618491e+00
3.947093546885652060e+00
2.814580183751492104e+00
2.914209449746886893e+00
1.976254326606877054e+00
-1.364997219289931119e+00
5.011749805672731650e-01
2.120868977762431662e+00
2.937438045438236944e+00
4.424027616030662635e+00
4.921910608007983967e+00
5.456844433143645645e+00
5.475973271272605025e+00
4.878408151697617434e+00
4.264973715574374324e+00
1.855399090869697121e+00
1.353453302718377715e+00
2.125329988879025134e+00
2.583454590423152286e+00
5.120064020834004026e+00
5.992499053543425269e+00
6.905533434812118010e+00
6.268681954194762262e+00
5.899593816822032544e+00
4.416148856359643382e+00
-2.329682127639416400e+00
1.512913046025013086e+00
2.824497768064472947e+00
3.914161961238149523e+00
5.369253295499177625e+00
6.110926791661253965e+00
5.412638812788062914e+00
2.879496307956698420e+00
3.694181576578469350e+00
6.023914974632670116e+00
7.074665432931436015e+00
9.186686577987734026e+00
9.423519262154348652e+00
1.004756425884865934e+01
1.015106553566091208e+01
9.590842571927401750e+00
9.962735560412667724e+00
1.185695205137889197e+01
1.442990745388629392e+01
1.565002477339574227e+01
1.656131078965553627e+01
1.735542164653094943e+01
1.746180018604973938e+01
1.704077493936308585e+01
1.541366206979846964e+01
1.451945288195489070e+01
1.162373786648765517e+01
6.492365423761156329e+00
5.692075147854879447e+00
3.679347362686189005e+00
4.072220620463906648e+00
4.337798675570271101e+00
4.074862162018336953e+00
4.072589467491382287e+00
4.317337394199071809e+00
4.610948871823238093e+00
5.232226194409641984e+00
6.616419934735844777e+00
6.529074315534749928e+00
5.920847744973431581e+00
5.401293275027049923e+00
4.114913168947951227e+00
3.081707952647414039e+00
2.333143334460936913e+00
2.333143334460936913e+00
3.447384813742046639e+00
4.491921991823020655e+00
5.320004345345533459e+00
5.816864359616366720e+00
7.366699020036607592e+00
8.154922018967837971e+00
9.879770144622987971e+00
1.055209814520455858e+01
1.125166336567942160e+01
1.149135159643562787e+01
1.065907988765343006e+01
1.039842489018353255e+01
8.951821759005738954e+00
9.309882558210555104e+00
9.990234974956820224e+00
1.108419594725067014e+01
1.184830038096569105e+01
1.335463309153019473e+01
1.374219361664524719e+01
1.403968245387571301e+01
1.367266957392421922e+01
1.318591919670740786e+01
1.234902006367671667e+01
1.090444663150209514e+01
7.995549862291558618e+00
5.096725741391506581e+00
4.171107807509094378e+00
4.201993388896142712e+00
4.866674899785197184e+00
5.297543559480356379e+00
6.149920971600964847e+00
7.164805738608243324e+00
7.362565579185991638e+00
7.002614460242826411e+00
7.682965840519680789e+00
7.817176506212279996e+00
7.907036655000378111e+00
8.113888614198922156e+00
7.572531250741116438e+00
6.945336803418659777e+00
7.494496471313338404e+00
8.346455018321824681e+00
1.120743970088868657e+01
1.409362920128113572e+01
1.575991743906771703e+01
1.662989097384788906e+01
1.779108285561789060e+01
1.798092136771074578e+01
1.641359662085694993e+01
1.586225940624999886e+01
1.303164937366255138e+01
1.102768138140240595e+01
9.859516356505285017e+00
9.840982543367799096e+00
1.026283122003517434e+01
1.015653642721987993e+01
9.245268666047342876e+00
6.957648683804489309e+00
5.241542324069553338e+00
4.709312419150470497e+00
3.744971865880145856e+00
3.824444220943558737e+00
5.548505568950312217e+00
5.548357757689174719e+00
5.138792751173398621e+00
4.403555529686064673e+00
3.636610402187267166e+00
1.261364364198947596e+00
-5.888268705471242370e-01
2.690446634760173428e+00
3.876241928499167599e+00
4.922305192823804632e+00
5.437656257286231032e+00
5.360607245897677231e+00
4.584081544723323631e+00
4.286474886959966035e+00
3.431692575900993081e+00
2.484234150317373935e+00
4.237669126894325622e+00
5.225413639669776344e+00
7.717121337741388309e+00
8.641414146875359137e+00
9.404728531124360913e+00
9.604306072274257033e+00
9.793245217594133578e+00
9.910166465125904267e+00
1.074675996290452318e+01
1.218513130739250627e+01
1.408689662358840167e+01
1.526879594818638708e+01
1.631501136129122642e+01
1.818945445292897034e+01
1.845302892765881353e+01
1.861674542581694780e+01
1.815009825301609325e+01
1.731474959160858873e+01
1.662975780200478582e+01
1.537145765087658411e+01
1.300958270094840152e+01
1.203068499675706526e+01
1.023591898148641555e+01
9.942747921976838654e+00
1.062918256810552364e+01
1.163129311838232738e+01
1.236474696455110234e+01
1.326320504588903937e+01
1.473845689818467619e+01
1.586458305302649840e+01
1.569911800746778852e+01
1.458988591181898187e+01
1.275653727971657858e+01
1.166870620025213690e+01
8.944666629187134177e+00
5.671477234644561882e+00
4.525739251969500110e+00
4.497260376221995593e+00
5.524942117535093011e+00
5.953092976849808871e+00
7.627602103088536367e+00
9.996742607030038030e+00
1.324461099185689328e+01
1.554793057863086680e+01
1.956489668259752435e+01
2.266502308393470955e+01
2.358229728138399039e+01
2.527332615125749982e+01
2.446476655462976524e+01
2.148101231403258993e+01
1.972725119387566295e+01
1.652145471536568522e+01
1.575681498990301144e+01
1.578148376180556944e+01
1.428150431507646267e+01
1.272831343526482151e+01
1.211107562591980091e+01
9.681129353457523123e+00
8.023468404928749464e+00
5.289157245804283036e+00
3.980339047898176386e+00
4.382832945691567339e+00
5.223805871530635692e+00
6.777177136183617279e+00
9.384864715620922837e+00
1.097678470181868526e+01
1.157919087769854549e+01
1.219365605338974845e+01
1.176673010443464484e+01
1.149169635917124488e+01
1.065962706358452117e+01
9.996102536538948868e+00
1.001808581903687312e+01
1.098877089506238924e+01
1.171925944916640461e+01
1.291694143085818069e+01
1.245151882186517867e+01
1.337033688850396729e+01
1.351487525261482681e+01
1.488250252005924068e+01
1.575433467282051403e+01
1.669319072953103955e+01
1.671174473892615708e+01
